-9.45664904081070600000000000000000000000000000000000 7.03493623104383500000000000000000000000000000000000 -4.05581856299243400000000000000000000000000000000000 4.97700772024930100000000000000000000000000000000000 5.12246598135954300000000000000000000000000000000000 5.12828236029677000000000000000000000000000000000000 5.73144163464661500000000000000000000000000000000000 5.06755614327216800000000000000000000000000000000000 4.39916046003536200000000000000000000000000000000000 3.40293401577958440000000000000000000000000000000000 4.99213755771814400000000000000000000000000000000000
1.26936416272340340000000000000000000000000000000000 -0.11113619103938868000000000000000000000000000000000 -4.67278850061035700000000000000000000000000000000000 -1.51718143694323860000000000000000000000000000000000 0.35883122513584140000000000000000000000000000000000 -2.46067375422515500000000000000000000000000000000000 -0.94791813769797730000000000000000000000000000000000 -1.92784365145674390000000000000000000000000000000000 2.26111108170411870000000000000000000000000000000000 -2.13068066723271900000000000000000000000000000000000 1.62406847187609320000000000000000000000000000000000
0.97790852188205950000000000000000000000000000000000 1.20199443867119100000000000000000000000000000000000 -1.37714284187152970000000000000000000000000000000000 -0.06639659677882066000000000000000000000000000000000 -0.32319238611312880000000000000000000000000000000000 -0.59981791452814500000000000000000000000000000000000 -0.51321771547311480000000000000000000000000000000000 -0.45176739043226390000000000000000000000000000000000 -0.54154725512088220000000000000000000000000000000000 -0.59652174512934160000000000000000000000000000000000 -0.34724954753490610000000000000000000000000000000000
0.87334315165085550000000000000000000000000000000000 -1.08140807192961820000000000000000000000000000000000 -1.64072410316789300000000000000000000000000000000000 -1.51979502697356700000000000000000000000000000000000 -0.10763788603277500000000000000000000000000000000000 -2.36973797881456030000000000000000000000000000000000 -0.97235871778397380000000000000000000000000000000000 2.26678690163026660000000000000000000000000000000000 -1.03675737654162500000000000000000000000000000000000 -0.67933791244242890000000000000000000000000000000000 -0.64707369165258120000000000000000000000000000000000
0.90768285386626800000000000000000000000000000000000 1.08747600629749840000000000000000000000000000000000 -1.41168778387008120000000000000000000000000000000000 0.07702683754637275000000000000000000000000000000000 0.05791302297353144400000000000000000000000000000000 -0.68300443391111800000000000000000000000000000000000 0.18863489782823697000000000000000000000000000000000 -0.06114423515343205000000000000000000000000000000000 -0.59477635495457810000000000000000000000000000000000 -0.33430882866385830000000000000000000000000000000000 -0.40471048057891460000000000000000000000000000000000
0.90672763909946430000000000000000000000000000000000 -0.74685226083595670000000000000000000000000000000000 -1.30007999871948890000000000000000000000000000000000 0.89495033785049040000000000000000000000000000000000 -0.96624594304496150000000000000000000000000000000000 -1.27136105279494200000000000000000000000000000000000 -0.41604426614917617000000000000000000000000000000000 1.43411453420496200000000000000000000000000000000000 -0.75277245581691240000000000000000000000000000000000 -0.60151309533376110000000000000000000000000000000000 -0.78408749505353160000000000000000000000000000000000
0.93521499517188240000000000000000000000000000000000 0.59999064855275230000000000000000000000000000000000 -1.46582588063396920000000000000000000000000000000000 -0.03335453079605861000000000000000000000000000000000 0.52223393241542730000000000000000000000000000000000 -0.81284810725361310000000000000000000000000000000000 0.73553320453064110000000000000000000000000000000000 0.30170002061049060000000000000000000000000000000000 -0.94487533031501950000000000000000000000000000000000 -0.03993278213030700000000000000000000000000000000000 -0.51374190416243650000000000000000000000000000000000
0.89752046756535280000000000000000000000000000000000 -0.09664837986957570000000000000000000000000000000000 -1.55081670472908330000000000000000000000000000000000 0.88853564825019280000000000000000000000000000000000 -1.25347633544358520000000000000000000000000000000000 -0.42735881734068260000000000000000000000000000000000 -0.28124913583951366000000000000000000000000000000000 -0.15155216718565592000000000000000000000000000000000 -1.13846386303484200000000000000000000000000000000000 -1.06060812139235820000000000000000000000000000000000 -0.53472955296167190000000000000000000000000000000000
0.96341008519218400000000000000000000000000000000000 0.25924269171742625000000000000000000000000000000000 -1.51712555589479050000000000000000000000000000000000 0.92309572278880140000000000000000000000000000000000 -0.39425641113503320000000000000000000000000000000000 -0.77265737742078140000000000000000000000000000000000 -0.13862567652797395000000000000000000000000000000000 -0.45130902587754684000000000000000000000000000000000 -0.63762374916468520000000000000000000000000000000000 -0.63149574190078860000000000000000000000000000000000 -0.72842334107490880000000000000000000000000000000000
0.96275684098276760000000000000000000000000000000000 0.21588788208559898000000000000000000000000000000000 -1.59608457355861100000000000000000000000000000000000 1.20670648661870600000000000000000000000000000000000 -0.03394524942144719000000000000000000000000000000000 -0.66316484062911070000000000000000000000000000000000 -0.23112384748731750000000000000000000000000000000000 -0.36148839651706400000000000000000000000000000000000 -0.68053204712447560000000000000000000000000000000000 -0.46644987886506000000000000000000000000000000000000 -0.66287214707922260000000000000000000000000000000000
1.57354389701088300000000000000000000000000000000000 2.27249334332175200000000000000000000000000000000000 1.37471975513873380000000000000000000000000000000000 0.24092611936797400000000000000000000000000000000000 -0.62181954129048890000000000000000000000000000000000 -0.22286654405174600000000000000000000000000000000000 -2.26753484081907160000000000000000000000000000000000 -0.94193428319932690000000000000000000000000000000000 -0.63642050564544470000000000000000000000000000000000 -1.63150018449628000000000000000000000000000000000000 0.54904101043820560000000000000000000000000000000000
0.96711938043243750000000000000000000000000000000000 -0.20785743214177102000000000000000000000000000000000 -2.04164724201971400000000000000000000000000000000000 1.78813933955179880000000000000000000000000000000000 -1.24919210841351100000000000000000000000000000000000 2.34957965687971900000000000000000000000000000000000 -2.65725327455983340000000000000000000000000000000000 1.11727180878992600000000000000000000000000000000000 -1.54059341542650860000000000000000000000000000000000 -0.76627904489124040000000000000000000000000000000000 -2.79504600509522800000000000000000000000000000000000
0.99294111762144680000000000000000000000000000000000 0.52412753279193180000000000000000000000000000000000 -1.49380445990268830000000000000000000000000000000000 -0.04804705800025981000000000000000000000000000000000 -0.27223008373349300000000000000000000000000000000000 -0.84579288532121100000000000000000000000000000000000 1.05274961609240770000000000000000000000000000000000 -0.25782897036612360000000000000000000000000000000000 -0.57130766159980510000000000000000000000000000000000 -0.76710354236027800000000000000000000000000000000000 -0.52060042776698470000000000000000000000000000000000
0.97158218985016100000000000000000000000000000000000 1.20406062869904070000000000000000000000000000000000 -1.39744622477878870000000000000000000000000000000000 -0.09026754671319047000000000000000000000000000000000 -0.35986413070909350000000000000000000000000000000000 -0.58799991035271380000000000000000000000000000000000 -0.54784751231570280000000000000000000000000000000000 -0.44653510623787973000000000000000000000000000000000 -0.54335008452526990000000000000000000000000000000000 -0.59906245734106030000000000000000000000000000000000 -0.35881073055069420000000000000000000000000000000000
0.90999010252407220000000000000000000000000000000000 0.04470707548161981000000000000000000000000000000000 -1.41127516799182740000000000000000000000000000000000 0.26507275147103300000000000000000000000000000000000 0.02255871079555511700000000000000000000000000000000 -2.28324098881128550000000000000000000000000000000000 -0.94748541556748010000000000000000000000000000000000 -1.08167609469694150000000000000000000000000000000000 -1.99857625714097700000000000000000000000000000000000 0.37711076916309310000000000000000000000000000000000 2.94687811671882030000000000000000000000000000000000
0.93676677817027510000000000000000000000000000000000 -0.06551513942464476000000000000000000000000000000000 -1.16028703062143600000000000000000000000000000000000 0.08617005449225751000000000000000000000000000000000 -0.70360530330320440000000000000000000000000000000000 -0.76818056374532670000000000000000000000000000000000 -1.36621060541308540000000000000000000000000000000000 0.28697245622700840000000000000000000000000000000000 -0.49739726167210840000000000000000000000000000000000 1.35725170160809870000000000000000000000000000000000 -2.01180843372403250000000000000000000000000000000000
0.93068224485989950000000000000000000000000000000000 0.29741100207095583000000000000000000000000000000000 -1.18808956812504340000000000000000000000000000000000 -1.60090335030221390000000000000000000000000000000000 0.93077523279980800000000000000000000000000000000000 2.20912060452873100000000000000000000000000000000000 0.48456869726180907000000000000000000000000000000000 1.82509040455312240000000000000000000000000000000000 1.71590261987893900000000000000000000000000000000000 -1.00784497140401250000000000000000000000000000000000 -2.36609382770290900000000000000000000000000000000000
0.97035491770921110000000000000000000000000000000000 0.91277960078546590000000000000000000000000000000000 -1.44881008237986330000000000000000000000000000000000 0.05031589050971577000000000000000000000000000000000 0.03722154911039448500000000000000000000000000000000 -0.78405012442433020000000000000000000000000000000000 0.65861094893456050000000000000000000000000000000000 0.01555753662966180700000000000000000000000000000000 -0.51127600202731540000000000000000000000000000000000 -0.52740468543563070000000000000000000000000000000000 -0.39065076925666170000000000000000000000000000000000
0.93201083989754220000000000000000000000000000000000 0.26539384037858020000000000000000000000000000000000 -1.61383377417033240000000000000000000000000000000000 1.01285121991189700000000000000000000000000000000000 0.75120742709101910000000000000000000000000000000000 -0.62410596952264370000000000000000000000000000000000 -0.63851089169869960000000000000000000000000000000000 -0.03927294799558870400000000000000000000000000000000 -0.50860566309638320000000000000000000000000000000000 0.59131911951645220000000000000000000000000000000000 -1.14533368552606560000000000000000000000000000000000
0.92078182042061570000000000000000000000000000000000 -0.58165030420063790000000000000000000000000000000000 -1.65392941822223950000000000000000000000000000000000 3.01008766094684000000000000000000000000000000000000 1.48996874877778680000000000000000000000000000000000 -1.79470157886929060000000000000000000000000000000000 -0.32442847559530746000000000000000000000000000000000 -1.36430938116269500000000000000000000000000000000000 2.62933309388812900000000000000000000000000000000000 -0.71794618615838360000000000000000000000000000000000 -2.15281594046610620000000000000000000000000000000000
0.93945908015294060000000000000000000000000000000000 0.71091209365762950000000000000000000000000000000000 -1.45238606266537260000000000000000000000000000000000 -0.05352949006001392000000000000000000000000000000000 0.40132682554529225000000000000000000000000000000000 -0.75056330358090060000000000000000000000000000000000 0.65884285636454580000000000000000000000000000000000 0.28224805627633703000000000000000000000000000000000 -0.84593308039139890000000000000000000000000000000000 0.19535445305694724000000000000000000000000000000000 -0.55258168700747050000000000000000000000000000000000
0.98499320353968920000000000000000000000000000000000 0.42736276108060517000000000000000000000000000000000 -1.47874623259466960000000000000000000000000000000000 -0.44878196550990695000000000000000000000000000000000 0.96825761762217590000000000000000000000000000000000 -0.89434359333652670000000000000000000000000000000000 0.03856141414264622000000000000000000000000000000000 0.27309525460554346000000000000000000000000000000000 -1.16708338239145610000000000000000000000000000000000 0.40969711649903960000000000000000000000000000000000 -0.79734227328904970000000000000000000000000000000000
0.92855730294763360000000000000000000000000000000000 -0.37886318978403230000000000000000000000000000000000 -1.57387104542747960000000000000000000000000000000000 -0.63638028333395420000000000000000000000000000000000 1.39841178636918630000000000000000000000000000000000 -0.98145996788591950000000000000000000000000000000000 -1.40448902706538900000000000000000000000000000000000 -0.32579549065406120000000000000000000000000000000000 -1.22310959101302850000000000000000000000000000000000 -0.71209033466711440000000000000000000000000000000000 -1.06252624146254670000000000000000000000000000000000
0.91217773081850000000000000000000000000000000000000 0.69085720824664700000000000000000000000000000000000 -1.57245746500819130000000000000000000000000000000000 1.24382780756014030000000000000000000000000000000000 0.54071381966401420000000000000000000000000000000000 -0.71477031846282780000000000000000000000000000000000 -0.09304263734007892000000000000000000000000000000000 0.29691743755369426000000000000000000000000000000000 -0.79493108275418480000000000000000000000000000000000 0.54694032100751590000000000000000000000000000000000 -0.72787956471393090000000000000000000000000000000000
1.00048605227141540000000000000000000000000000000000 1.22427004932501940000000000000000000000000000000000 -1.35220620836678230000000000000000000000000000000000 -0.13068511047985637000000000000000000000000000000000 -0.45808679158115190000000000000000000000000000000000 -0.55341093333895450000000000000000000000000000000000 -0.85642695358937530000000000000000000000000000000000 -0.54416553882134130000000000000000000000000000000000 -0.51738046319374600000000000000000000000000000000000 -0.64900056974797540000000000000000000000000000000000 -0.34950354699894665000000000000000000000000000000000
1.34467148916735770000000000000000000000000000000000 -1.82845036612205570000000000000000000000000000000000 -4.09909032743620300000000000000000000000000000000000 -1.23119155483394780000000000000000000000000000000000 -0.54625212272496100000000000000000000000000000000000 0.95016905125262420000000000000000000000000000000000 1.41553159637916750000000000000000000000000000000000 -2.98808769163792180000000000000000000000000000000000 3.57048092736318000000000000000000000000000000000000 1.49810965018405030000000000000000000000000000000000 1.47246457270175300000000000000000000000000000000000
0.95365805119746800000000000000000000000000000000000 1.14765958909930490000000000000000000000000000000000 -1.39041193741177340000000000000000000000000000000000 -0.06570244416043770000000000000000000000000000000000 -0.20844345849742980000000000000000000000000000000000 -0.62076996204006290000000000000000000000000000000000 -0.26874679141534336000000000000000000000000000000000 -0.31042521230126213000000000000000000000000000000000 -0.54164760131116910000000000000000000000000000000000 -0.57901570305214600000000000000000000000000000000000 -0.37541990873113750000000000000000000000000000000000
0.99644542078921390000000000000000000000000000000000 1.04615910952487810000000000000000000000000000000000 -1.39240487111591200000000000000000000000000000000000 0.01408751045442712900000000000000000000000000000000 -0.19552434266025046000000000000000000000000000000000 -0.79147667222791380000000000000000000000000000000000 0.38726325459358435000000000000000000000000000000000 -0.01431981144214281900000000000000000000000000000000 -0.40827043024045007000000000000000000000000000000000 -0.54731643769886810000000000000000000000000000000000 -0.44229029857542684000000000000000000000000000000000
0.99706170643516180000000000000000000000000000000000 0.97348338052838180000000000000000000000000000000000 -0.73082479947210840000000000000000000000000000000000 -1.03934682131575200000000000000000000000000000000000 2.48363400619742870000000000000000000000000000000000 -1.45093409098462560000000000000000000000000000000000 3.99896161370116760000000000000000000000000000000000 1.28950610367000530000000000000000000000000000000000 -2.87194543294273340000000000000000000000000000000000 1.40745071594934030000000000000000000000000000000000 -0.69161746276933820000000000000000000000000000000000
0.94586029631377650000000000000000000000000000000000 0.18873335121869736000000000000000000000000000000000 -0.57291000840525490000000000000000000000000000000000 0.43758668970071260000000000000000000000000000000000 -0.65919120995103250000000000000000000000000000000000 -0.57654067056149330000000000000000000000000000000000 -0.74903172380528860000000000000000000000000000000000 1.07842483505564160000000000000000000000000000000000 0.12640415248868750000000000000000000000000000000000 2.14610475464144100000000000000000000000000000000000 -1.88041496382932440000000000000000000000000000000000
0.91843088407343720000000000000000000000000000000000 0.11056714672018908000000000000000000000000000000000 -1.59226808457883530000000000000000000000000000000000 0.90812021962701350000000000000000000000000000000000 0.87923991841279340000000000000000000000000000000000 -0.72868549504094950000000000000000000000000000000000 -0.75669127759321650000000000000000000000000000000000 -0.17952078578110497000000000000000000000000000000000 -0.35833865129883774000000000000000000000000000000000 0.44583294457215505000000000000000000000000000000000 -1.51231833948222350000000000000000000000000000000000
0.89288349365372650000000000000000000000000000000000 -0.24571752790535586000000000000000000000000000000000 -1.35795512862824590000000000000000000000000000000000 -0.35156994004545270000000000000000000000000000000000 -0.43495216591399893000000000000000000000000000000000 -0.93601130009687960000000000000000000000000000000000 -1.28968441693965900000000000000000000000000000000000 0.13626290756795123000000000000000000000000000000000 -0.68133327734709830000000000000000000000000000000000 1.26489223676477000000000000000000000000000000000000 -1.96035763035680300000000000000000000000000000000000
0.95021057452322360000000000000000000000000000000000 0.66363082384734230000000000000000000000000000000000 -1.52646611149174350000000000000000000000000000000000 1.19704881817182770000000000000000000000000000000000 0.48522475017185130000000000000000000000000000000000 -0.76537749728195960000000000000000000000000000000000 -0.05409206216910382400000000000000000000000000000000 0.31877887080686650000000000000000000000000000000000 -0.82464999940112230000000000000000000000000000000000 0.47097495349188510000000000000000000000000000000000 -0.73397296723876870000000000000000000000000000000000
1.00937490235190190000000000000000000000000000000000 1.27805796469191080000000000000000000000000000000000 -1.22081327251140200000000000000000000000000000000000 -0.41292303564188826000000000000000000000000000000000 -0.69075619887179120000000000000000000000000000000000 -0.50287088863916920000000000000000000000000000000000 -1.62781083748662820000000000000000000000000000000000 -0.97600898432756340000000000000000000000000000000000 -0.28482587409225730000000000000000000000000000000000 -0.76934541486102900000000000000000000000000000000000 -0.38434753078767520000000000000000000000000000000000
0.93985090107042300000000000000000000000000000000000 1.25557940637405460000000000000000000000000000000000 -1.38014148881794040000000000000000000000000000000000 -0.17231342608939026000000000000000000000000000000000 -0.45923744690468110000000000000000000000000000000000 -0.57387284612631850000000000000000000000000000000000 -0.84897979873799640000000000000000000000000000000000 -0.63688109188939660000000000000000000000000000000000 -0.50138949974097320000000000000000000000000000000000 -0.67488702449609730000000000000000000000000000000000 -0.37532327038238694000000000000000000000000000000000
1.04895020978059960000000000000000000000000000000000 0.93069489775285960000000000000000000000000000000000 -1.40494834950734940000000000000000000000000000000000 0.12448456796178758000000000000000000000000000000000 0.25647503990186604000000000000000000000000000000000 -0.70796105545764020000000000000000000000000000000000 0.21426577171098726000000000000000000000000000000000 0.15287299089673790000000000000000000000000000000000 -0.73775810060160000000000000000000000000000000000000 -0.16074696269734310000000000000000000000000000000000 -0.43601257932396764000000000000000000000000000000000
0.99168610286369540000000000000000000000000000000000 1.27045595276384480000000000000000000000000000000000 -1.23195527091565960000000000000000000000000000000000 -0.42049996572737725000000000000000000000000000000000 -0.67681682304360960000000000000000000000000000000000 -0.49144001199511395000000000000000000000000000000000 -1.66076413205792160000000000000000000000000000000000 -0.99823761138696620000000000000000000000000000000000 -0.27475478707532475000000000000000000000000000000000 -0.76406904391663360000000000000000000000000000000000 -0.37239784584311253000000000000000000000000000000000
1.02151486037054770000000000000000000000000000000000 2.42928045153094050000000000000000000000000000000000 -1.16672393468886270000000000000000000000000000000000 0.06015042277026763600000000000000000000000000000000 -1.08776416898589030000000000000000000000000000000000 3.03884932902265660000000000000000000000000000000000 -0.32786174749776200000000000000000000000000000000000 -0.10560484882147604000000000000000000000000000000000 -2.22288998807005700000000000000000000000000000000000 0.30539439917081430000000000000000000000000000000000 1.79989245312354670000000000000000000000000000000000
0.94220938218337690000000000000000000000000000000000 1.21065452609925580000000000000000000000000000000000 -1.37708783524832700000000000000000000000000000000000 -0.04796000689537524600000000000000000000000000000000 -0.27020527980312903000000000000000000000000000000000 -0.55437894820760370000000000000000000000000000000000 -0.47099676614241410000000000000000000000000000000000 -0.44435747871833240000000000000000000000000000000000 -0.50788131757932890000000000000000000000000000000000 -0.60311443319185080000000000000000000000000000000000 -0.33495105863112856000000000000000000000000000000000
0.97616727328031870000000000000000000000000000000000 -0.04915165526060159000000000000000000000000000000000 -0.90629036217623170000000000000000000000000000000000 1.74541258981744820000000000000000000000000000000000 -1.22485877268326360000000000000000000000000000000000 -0.95620615062476780000000000000000000000000000000000 -0.30892477689840360000000000000000000000000000000000 2.06801186284014400000000000000000000000000000000000 -0.47619821190581140000000000000000000000000000000000 -0.70078227368451170000000000000000000000000000000000 -0.92907095976697870000000000000000000000000000000000
0.85169074913813030000000000000000000000000000000000 -0.28798253890151200000000000000000000000000000000000 -1.47678777622481650000000000000000000000000000000000 -1.00093427595101500000000000000000000000000000000000 1.33748682182069770000000000000000000000000000000000 -0.90844696691989240000000000000000000000000000000000 -0.85350539080295210000000000000000000000000000000000 -0.14363114781222650000000000000000000000000000000000 -1.52264409878253320000000000000000000000000000000000 -1.07083072331805000000000000000000000000000000000000 -0.76849633112843850000000000000000000000000000000000
0.98583147965843640000000000000000000000000000000000 1.35121225532582860000000000000000000000000000000000 -1.10107445045268170000000000000000000000000000000000 -0.58680572159457930000000000000000000000000000000000 -0.77729693571966870000000000000000000000000000000000 -0.45604233884376427000000000000000000000000000000000 -2.15820005712213850000000000000000000000000000000000 -1.21481992108045670000000000000000000000000000000000 -0.07887857577057711000000000000000000000000000000000 -0.82967276285597840000000000000000000000000000000000 -0.32262956391343390000000000000000000000000000000000
0.97373035353885460000000000000000000000000000000000 -0.07973032456265705000000000000000000000000000000000 -1.50615244727647700000000000000000000000000000000000 -0.12323891857326313000000000000000000000000000000000 -0.61260805940826380000000000000000000000000000000000 -0.85685017275697840000000000000000000000000000000000 1.32035212129242390000000000000000000000000000000000 -0.02796355728422691000000000000000000000000000000000 -1.03972735279487270000000000000000000000000000000000 -0.06254528049109072000000000000000000000000000000000 -0.94851724172944970000000000000000000000000000000000
0.95062612705941050000000000000000000000000000000000 -0.10245046297505941000000000000000000000000000000000 -1.51779467825721650000000000000000000000000000000000 -0.94761675726625470000000000000000000000000000000000 1.24944842008421950000000000000000000000000000000000 -0.89889360927717610000000000000000000000000000000000 -1.17299356552738040000000000000000000000000000000000 -0.13553252800167310000000000000000000000000000000000 -1.26702104885718300000000000000000000000000000000000 -0.09756021425054452000000000000000000000000000000000 -0.89672967532135570000000000000000000000000000000000
0.97878687968578130000000000000000000000000000000000 0.80668658249355630000000000000000000000000000000000 -1.58503242875181400000000000000000000000000000000000 -0.58034304487329950000000000000000000000000000000000 -1.22910795475122910000000000000000000000000000000000 -1.37167330524301680000000000000000000000000000000000 0.50245404481488130000000000000000000000000000000000 -0.44837206850987016000000000000000000000000000000000 3.04937415061502070000000000000000000000000000000000 -1.24040031652944150000000000000000000000000000000000 -1.95420094467454520000000000000000000000000000000000
0.93509678506378780000000000000000000000000000000000 -1.59453149538384200000000000000000000000000000000000 -1.49781860567407170000000000000000000000000000000000 -2.48884518154133930000000000000000000000000000000000 -0.00754514671020442900000000000000000000000000000000 -3.03356106071441320000000000000000000000000000000000 -1.65335395017407930000000000000000000000000000000000 1.77989289016673370000000000000000000000000000000000 -1.06613776016098600000000000000000000000000000000000 -1.43925928506142700000000000000000000000000000000000 -0.70288859417358880000000000000000000000000000000000
0.92591942317375910000000000000000000000000000000000 0.58482724340522900000000000000000000000000000000000 -1.44549032973517670000000000000000000000000000000000 -0.04283006221737900000000000000000000000000000000000 0.48822965226308370000000000000000000000000000000000 -0.86480499002123550000000000000000000000000000000000 0.73452296212993470000000000000000000000000000000000 0.38892702202012840000000000000000000000000000000000 -0.97869408792558750000000000000000000000000000000000 0.03690895165516587500000000000000000000000000000000 -0.58718058118151180000000000000000000000000000000000
1.00222253358149580000000000000000000000000000000000 -0.38932984712955143000000000000000000000000000000000 -1.54178693325465650000000000000000000000000000000000 -1.09922319466250220000000000000000000000000000000000 1.39243893655159920000000000000000000000000000000000 -0.92459778036319910000000000000000000000000000000000 -1.11348450668739800000000000000000000000000000000000 -0.23499175091150560000000000000000000000000000000000 -1.40688492152326240000000000000000000000000000000000 -0.80173559531711080000000000000000000000000000000000 -0.88747721897966570000000000000000000000000000000000
0.90954456171144420000000000000000000000000000000000 0.57359558148340210000000000000000000000000000000000 -1.45321660875174350000000000000000000000000000000000 -0.01886778658791726800000000000000000000000000000000 0.04862362291409251000000000000000000000000000000000 -0.84010111751389020000000000000000000000000000000000 0.93935078542117670000000000000000000000000000000000 0.11091880345012729000000000000000000000000000000000 -0.79892852806721750000000000000000000000000000000000 -0.34307012024419087000000000000000000000000000000000 -0.54254811333399820000000000000000000000000000000000
0.91434089545456890000000000000000000000000000000000 0.98387088474870780000000000000000000000000000000000 -1.41274859099078380000000000000000000000000000000000 0.09095722978876616000000000000000000000000000000000 -0.01087299116756107600000000000000000000000000000000 -0.80336231546314230000000000000000000000000000000000 0.56589592108022510000000000000000000000000000000000 0.05181532969112854000000000000000000000000000000000 -0.46488569699296495000000000000000000000000000000000 -0.55141463740616490000000000000000000000000000000000 -0.39593758265564070000000000000000000000000000000000
0.96269476071786500000000000000000000000000000000000 0.97838572873006060000000000000000000000000000000000 -1.39442395649421000000000000000000000000000000000000 0.08579557023771991000000000000000000000000000000000 0.19029425029703992000000000000000000000000000000000 -0.71272929889823060000000000000000000000000000000000 0.37284328333028440000000000000000000000000000000000 0.05244529352977963000000000000000000000000000000000 -0.62731998797931150000000000000000000000000000000000 -0.34691556357795794000000000000000000000000000000000 -0.38947531555875730000000000000000000000000000000000
0.94699259182551450000000000000000000000000000000000 1.14836947195653340000000000000000000000000000000000 -1.40013064762294360000000000000000000000000000000000 -0.00601923188258166650000000000000000000000000000000 -0.13828770722155415000000000000000000000000000000000 -0.61445478231199750000000000000000000000000000000000 -0.11925859944334320000000000000000000000000000000000 -0.23344623112112714000000000000000000000000000000000 -0.53738098218028450000000000000000000000000000000000 -0.50644028930647510000000000000000000000000000000000 -0.36095175611942504000000000000000000000000000000000
0.93693968276679480000000000000000000000000000000000 -0.24343895802708992000000000000000000000000000000000 -1.46981771395368520000000000000000000000000000000000 -0.26812870822437324000000000000000000000000000000000 -1.30507851505726200000000000000000000000000000000000 -1.08065226664896900000000000000000000000000000000000 1.13817712418351320000000000000000000000000000000000 -0.76651224217601610000000000000000000000000000000000 -1.66356060968176520000000000000000000000000000000000 -1.95133239659559930000000000000000000000000000000000 0.07923080716367464000000000000000000000000000000000
1.00746625480173830000000000000000000000000000000000 0.78570175474140770000000000000000000000000000000000 -1.43605071409357230000000000000000000000000000000000 0.08130356231441749000000000000000000000000000000000 0.22176428162538014000000000000000000000000000000000 -0.76618149151203610000000000000000000000000000000000 0.66283535312586520000000000000000000000000000000000 0.26399647177371530000000000000000000000000000000000 -0.76277624728546060000000000000000000000000000000000 -0.11542446525934412000000000000000000000000000000000 -0.46771724225027167000000000000000000000000000000000
1.02250847164946550000000000000000000000000000000000 -0.40255506407515890000000000000000000000000000000000 -3.07471948985040470000000000000000000000000000000000 0.96223409778204200000000000000000000000000000000000 -0.95577868723277860000000000000000000000000000000000 1.06185907613113100000000000000000000000000000000000 -0.59986877022466320000000000000000000000000000000000 -0.88126718656755750000000000000000000000000000000000 -2.24014542471033270000000000000000000000000000000000 -2.50002143114166750000000000000000000000000000000000 2.19319486860129940000000000000000000000000000000000
0.99083647716581540000000000000000000000000000000000 1.23255868188820640000000000000000000000000000000000 -1.36480750132610580000000000000000000000000000000000 -0.18351939066016640000000000000000000000000000000000 -0.39501914434948050000000000000000000000000000000000 -0.54844150068478570000000000000000000000000000000000 -0.68838839654895890000000000000000000000000000000000 -0.57915985650864950000000000000000000000000000000000 -0.45567055270417167000000000000000000000000000000000 -0.64682043736913010000000000000000000000000000000000 -0.34521623981295924000000000000000000000000000000000
0.94897333863120980000000000000000000000000000000000 1.22003669621655230000000000000000000000000000000000 -1.35226979100874440000000000000000000000000000000000 -0.15371279819204000000000000000000000000000000000000 -0.44087480155186440000000000000000000000000000000000 -0.54065591977399650000000000000000000000000000000000 -0.83599382868064250000000000000000000000000000000000 -0.55536197765625200000000000000000000000000000000000 -0.51107911301247810000000000000000000000000000000000 -0.61801722235524000000000000000000000000000000000000 -0.33835064085027255000000000000000000000000000000000
0.96385743059926470000000000000000000000000000000000 1.07059264502221100000000000000000000000000000000000 -1.39804254149096320000000000000000000000000000000000 0.03113583574273717800000000000000000000000000000000 -0.01673829713012106000000000000000000000000000000000 -0.65102786243421130000000000000000000000000000000000 -0.00374517635529271300000000000000000000000000000000 -0.08209388944962420000000000000000000000000000000000 -0.63737229622024720000000000000000000000000000000000 -0.36689060765656895000000000000000000000000000000000 -0.39531545102322290000000000000000000000000000000000
0.89179830404848450000000000000000000000000000000000 0.15559299063600315000000000000000000000000000000000 -1.35561386723954200000000000000000000000000000000000 0.64423388766405400000000000000000000000000000000000 -1.05191930230589170000000000000000000000000000000000 -0.95328037818361730000000000000000000000000000000000 -0.20218306844744954000000000000000000000000000000000 -0.82081756654436140000000000000000000000000000000000 -0.82575551809019480000000000000000000000000000000000 -1.07831558696704800000000000000000000000000000000000 -0.77315438788365130000000000000000000000000000000000
0.95410074985004460000000000000000000000000000000000 -0.00488661294834005800000000000000000000000000000000 -1.54542168521512260000000000000000000000000000000000 -0.00111236716854567540000000000000000000000000000000 -0.76996693134326400000000000000000000000000000000000 -0.85087839223467610000000000000000000000000000000000 1.70615652239627500000000000000000000000000000000000 0.99239883781044470000000000000000000000000000000000 -2.25389742157748700000000000000000000000000000000000 -1.18499321204118570000000000000000000000000000000000 0.16230470318098503000000000000000000000000000000000
0.90142064082764160000000000000000000000000000000000 -0.25282384525365925000000000000000000000000000000000 -0.96456860759340120000000000000000000000000000000000 1.55841908344287570000000000000000000000000000000000 2.67817550155816560000000000000000000000000000000000 -0.88291128193915210000000000000000000000000000000000 -0.76710971058522940000000000000000000000000000000000 -1.04529308129781650000000000000000000000000000000000 -1.32724177432989650000000000000000000000000000000000 -0.45947173432862853000000000000000000000000000000000 1.03770382861987160000000000000000000000000000000000
