0.61376611645556200000000000000000000000000000000000 0.47631599771440575000000000000000000000000000000000 1.07699113243282500000000000000000000000000000000000 1.38129560045418680000000000000000000000000000000000 1.08549733293318070000000000000000000000000000000000 1.09848906763307630000000000000000000000000000000000 0.81685889930335410000000000000000000000000000000000 0.58699096452075640000000000000000000000000000000000 2.29643148939224550000000000000000000000000000000000 1.57746300721759480000000000000000000000000000000000
-0.20231533570549276000000000000000000000000000000000 -0.88613670191216450000000000000000000000000000000000 -0.72804437330031810000000000000000000000000000000000 -0.22935799433971670000000000000000000000000000000000 0.30117453745511040000000000000000000000000000000000 0.09688260025248738000000000000000000000000000000000 -2.35692167873264300000000000000000000000000000000000 0.21949856036733230000000000000000000000000000000000 -0.17790046733382145000000000000000000000000000000000 0.95471292161965450000000000000000000000000000000000
0.00369548945632211800000000000000000000000000000000 -1.45949584934445920000000000000000000000000000000000 -0.76004718107552290000000000000000000000000000000000 -1.15161576382405870000000000000000000000000000000000 -0.17542475212560632000000000000000000000000000000000 0.33144928196313056000000000000000000000000000000000 0.14169024712432662000000000000000000000000000000000 -0.25099086430435535000000000000000000000000000000000 -0.30714962852847750000000000000000000000000000000000 0.34475395917800970000000000000000000000000000000000
-0.27438741773954917000000000000000000000000000000000 -0.42061573132645120000000000000000000000000000000000 -1.31704698680186300000000000000000000000000000000000 -0.97836220579790090000000000000000000000000000000000 0.36667509400617960000000000000000000000000000000000 0.15299671553726020000000000000000000000000000000000 -0.04538956682838533000000000000000000000000000000000 -1.10192339281977710000000000000000000000000000000000 0.25291512132037700000000000000000000000000000000000 -0.08372997380809359000000000000000000000000000000000
-1.87537398615538550000000000000000000000000000000000 -0.39475559175097397000000000000000000000000000000000 0.09086857668489957000000000000000000000000000000000 0.04572004518959972000000000000000000000000000000000 0.11425699475559647000000000000000000000000000000000 0.19030398886165686000000000000000000000000000000000 -0.28910781406213737000000000000000000000000000000000 -0.81606384844681220000000000000000000000000000000000 -0.44788294461754850000000000000000000000000000000000 -0.07311480889349971000000000000000000000000000000000
0.09550043400093900000000000000000000000000000000000 -0.55109852608385800000000000000000000000000000000000 -0.25172742131617260000000000000000000000000000000000 -0.48524783554474080000000000000000000000000000000000 -1.76378340598462070000000000000000000000000000000000 -0.25626617142412605000000000000000000000000000000000 -0.29849249314326610000000000000000000000000000000000 -0.10890930801653073000000000000000000000000000000000 0.17092093143889675000000000000000000000000000000000 -1.18574787240216900000000000000000000000000000000000
-0.60620511883394570000000000000000000000000000000000 1.15587853507404950000000000000000000000000000000000 -0.41466815689077300000000000000000000000000000000000 -1.19954920276386200000000000000000000000000000000000 0.05406661783052183600000000000000000000000000000000 -0.64734340127473180000000000000000000000000000000000 -0.55428805566843150000000000000000000000000000000000 0.46181288399788645000000000000000000000000000000000 -0.86040427860531300000000000000000000000000000000000 0.46695753396377865000000000000000000000000000000000
-0.84855061555959680000000000000000000000000000000000 0.18826538388631947000000000000000000000000000000000 -0.08614938326503588000000000000000000000000000000000 0.07131063501603896000000000000000000000000000000000 -0.39237087316679870000000000000000000000000000000000 -0.35449053942515390000000000000000000000000000000000 0.08720784941892550000000000000000000000000000000000 -0.39134751797016560000000000000000000000000000000000 -0.55858170991381900000000000000000000000000000000000 -0.19870470278886251000000000000000000000000000000000
-1.07966097901868570000000000000000000000000000000000 -0.78373511075814370000000000000000000000000000000000 -0.00516798420043843400000000000000000000000000000000 -0.49491024216373560000000000000000000000000000000000 1.15351650249914100000000000000000000000000000000000 -0.74175144510633270000000000000000000000000000000000 -0.52271563836611700000000000000000000000000000000000 1.47840949757003240000000000000000000000000000000000 -0.68419196188032650000000000000000000000000000000000 0.58030668506500600000000000000000000000000000000000
-0.39069814519898477000000000000000000000000000000000 0.73626289131096570000000000000000000000000000000000 -0.34971377980348556000000000000000000000000000000000 -0.22624189732783520000000000000000000000000000000000 0.55213114958212700000000000000000000000000000000000 -0.80891768744646800000000000000000000000000000000000 -0.19101573430759425000000000000000000000000000000000 -0.20806394956482577000000000000000000000000000000000 0.60176705492176930000000000000000000000000000000000 0.50735000724931160000000000000000000000000000000000
-0.12192647203295164000000000000000000000000000000000 0.49762823087241510000000000000000000000000000000000 -0.04881585962361289400000000000000000000000000000000 0.83009598707041750000000000000000000000000000000000 -1.47549055885812620000000000000000000000000000000000 0.33471676315490590000000000000000000000000000000000 -1.33238602979462440000000000000000000000000000000000 0.17953721243682480000000000000000000000000000000000 0.67571730671650810000000000000000000000000000000000 -0.33189369368864430000000000000000000000000000000000
-0.79668748697130280000000000000000000000000000000000 0.36882192186666460000000000000000000000000000000000 0.17817646449267685000000000000000000000000000000000 -0.35814295413050000000000000000000000000000000000000 -0.66521970538950010000000000000000000000000000000000 0.08043074185322992000000000000000000000000000000000 0.43268543795430287000000000000000000000000000000000 -0.17439029445537943000000000000000000000000000000000 -0.54817103251152840000000000000000000000000000000000 -0.21582006832323530000000000000000000000000000000000
-0.49985038320623220000000000000000000000000000000000 0.15672647412722030000000000000000000000000000000000 -0.73664164064212880000000000000000000000000000000000 0.81592986268962640000000000000000000000000000000000 -0.34604789635318410000000000000000000000000000000000 0.54389998533535530000000000000000000000000000000000 -0.93944206212372730000000000000000000000000000000000 0.84322957092610050000000000000000000000000000000000 0.07463601996502617000000000000000000000000000000000 -0.16974007267454197000000000000000000000000000000000
-0.73265095843799230000000000000000000000000000000000 0.27712516277679716000000000000000000000000000000000 0.47022879487204755000000000000000000000000000000000 0.35217158894988130000000000000000000000000000000000 -0.86836461439354820000000000000000000000000000000000 0.73288306106745680000000000000000000000000000000000 -0.90080458944489010000000000000000000000000000000000 -0.23286087550325688000000000000000000000000000000000 -0.63296427244662800000000000000000000000000000000000 -0.28009970495364217000000000000000000000000000000000
0.11636077661228830000000000000000000000000000000000 -1.39379887043216950000000000000000000000000000000000 0.40151630087219237000000000000000000000000000000000 0.61117870717717030000000000000000000000000000000000 -0.14293341940878823000000000000000000000000000000000 -0.15324539304779930000000000000000000000000000000000 0.03129084524501103000000000000000000000000000000000 -0.13863237782112875000000000000000000000000000000000 0.09898448024014572000000000000000000000000000000000 -0.17793239385058232000000000000000000000000000000000
0.66559437567041520000000000000000000000000000000000 -0.70323724881379510000000000000000000000000000000000 -0.45032676791454190000000000000000000000000000000000 -1.57781398725331060000000000000000000000000000000000 -0.05306461259174903000000000000000000000000000000000 -0.55457176073033410000000000000000000000000000000000 0.06332036470255627000000000000000000000000000000000 0.48790838161330724000000000000000000000000000000000 -0.50676518505754830000000000000000000000000000000000 0.04540482012547362000000000000000000000000000000000
0.28868095560465110000000000000000000000000000000000 -0.27913863199440210000000000000000000000000000000000 -0.00283523626332508620000000000000000000000000000000 -0.13131485454814700000000000000000000000000000000000 -0.39211529310692744000000000000000000000000000000000 -0.32196179803655380000000000000000000000000000000000 0.16384143659480208000000000000000000000000000000000 -0.22736250195901905000000000000000000000000000000000 -1.49530534464814810000000000000000000000000000000000 -0.44915291939148170000000000000000000000000000000000
0.51785144121795680000000000000000000000000000000000 -0.62531182368911110000000000000000000000000000000000 -0.00209310294403531900000000000000000000000000000000 0.36000748826173090000000000000000000000000000000000 0.29668278771313544000000000000000000000000000000000 0.82187425700274050000000000000000000000000000000000 -0.22863590173461207000000000000000000000000000000000 -1.52036524620680000000000000000000000000000000000000 0.16244131277576387000000000000000000000000000000000 -0.00629364040689283850000000000000000000000000000000
-0.55924354565766940000000000000000000000000000000000 0.25594133191710330000000000000000000000000000000000 0.34508852906465265000000000000000000000000000000000 0.56424358442653210000000000000000000000000000000000 -0.05230936510624150500000000000000000000000000000000 0.70220071981317290000000000000000000000000000000000 0.20557147175749937000000000000000000000000000000000 -1.46665303289725000000000000000000000000000000000000 0.32960907360928865000000000000000000000000000000000 -0.31044166350454633000000000000000000000000000000000
-0.45784480766632546000000000000000000000000000000000 -0.13580479713439444000000000000000000000000000000000 0.93591414996632540000000000000000000000000000000000 -0.36748845929052050000000000000000000000000000000000 0.72363913730997610000000000000000000000000000000000 -0.32859150435091194000000000000000000000000000000000 0.08565073737312187000000000000000000000000000000000 0.02201242444592761700000000000000000000000000000000 1.09220332838688770000000000000000000000000000000000 0.39131016074031300000000000000000000000000000000000
0.18281366003630620000000000000000000000000000000000 0.16102470390226942000000000000000000000000000000000 0.79526705408791180000000000000000000000000000000000 -0.78590674286629210000000000000000000000000000000000 -0.80609325291317220000000000000000000000000000000000 0.30333350680859010000000000000000000000000000000000 0.42081963540173706000000000000000000000000000000000 -0.25532568169455090000000000000000000000000000000000 0.20749113343442190000000000000000000000000000000000 -1.27428492665797200000000000000000000000000000000000
0.00543003323827238600000000000000000000000000000000 -0.37865297620863964000000000000000000000000000000000 -0.16086521848030358000000000000000000000000000000000 -0.37999063008546310000000000000000000000000000000000 0.08046337158102426000000000000000000000000000000000 0.03397874832723144000000000000000000000000000000000 -0.86107616061690800000000000000000000000000000000000 0.91545223177748420000000000000000000000000000000000 -0.37904572131318940000000000000000000000000000000000 0.87985045675722830000000000000000000000000000000000
-0.46618582356972327000000000000000000000000000000000 0.09313126088924771000000000000000000000000000000000 0.65090550719114930000000000000000000000000000000000 -0.82325436971263870000000000000000000000000000000000 0.13457320657131838000000000000000000000000000000000 0.32192663563342790000000000000000000000000000000000 0.98311895179676410000000000000000000000000000000000 -0.17702662286292234000000000000000000000000000000000 -0.49304071936898390000000000000000000000000000000000 -1.15453884526096220000000000000000000000000000000000
0.33962995116916220000000000000000000000000000000000 -0.63367927405608170000000000000000000000000000000000 0.72906939409254110000000000000000000000000000000000 0.54181171757138100000000000000000000000000000000000 0.16936392466060768000000000000000000000000000000000 -0.35074377369506715000000000000000000000000000000000 -0.61525194865437780000000000000000000000000000000000 0.19298336961312020000000000000000000000000000000000 -1.08821725532635830000000000000000000000000000000000 -0.35516739421179305000000000000000000000000000000000
0.65871098275058060000000000000000000000000000000000 -0.23682939786477686000000000000000000000000000000000 1.31421033186550580000000000000000000000000000000000 -0.37492076437605000000000000000000000000000000000000 -0.17293926463525533000000000000000000000000000000000 -0.40132846258478970000000000000000000000000000000000 -0.25820130593270263000000000000000000000000000000000 -0.16099921621905441000000000000000000000000000000000 -0.13624924929514748000000000000000000000000000000000 -0.23965456174177566000000000000000000000000000000000
0.28490114546961226000000000000000000000000000000000 -0.80583250869101900000000000000000000000000000000000 0.73260302865497930000000000000000000000000000000000 0.59278735949044770000000000000000000000000000000000 -0.32126385228660054000000000000000000000000000000000 -0.56167334865053720000000000000000000000000000000000 0.57233587297861090000000000000000000000000000000000 0.01524073930590077100000000000000000000000000000000 -0.04480525109041643000000000000000000000000000000000 0.79235851611496630000000000000000000000000000000000
